ACTIVE_PART_STACK__BORDER_COLOR=24.532019, 0.0, 0.611702, 0|24.532019, 0.0, 0.611702, 100
ACTIVE_PART_STACK__CHEVRON_COLOR=0.0, 0.0, 0.46276593
ACTIVE_PART_STACK__CLOSE_BUTTON_ACTIVE_COLOR=0.0, 0.87766, 0.867021
ACTIVE_PART_STACK__CLOSE_BUTTON_COLOR=0.0, 0.0, 0.803191
ACTIVE_PART_STACK__CLOSE_BUTTON_HOVER_COLOR=0.0, 0.510638, 0.691489
ACTIVE_PART_STACK__HOVER_BORDER_COLOR=24.532019, 0.0, 0.611702, 0|24.532019, 0.0, 0.611702, 100
ACTIVE_PART_STACK__HOVER_FILL_COLOR=85.65517, 0.60638297, 0.7234043, 0|0.0, 0.0, 0.9468085, 52
ACTIVE_PART_STACK__SELECTED_BORDER_COLOR=24.532019, 0.0, 0.611702, 0|24.532019, 0.0, 0.611702, 100
ACTIVE_PART_STACK__SELECTED_FILL_COLOR=27.310347, 0.75, 0.88829786, 0|0.0, 0.0, 1.0, 26
ACTIVE_PART_STACK__UNSELECTED_BORDER_COLOR=24.532019, 0.0, 0.611702, 0|24.532019, 0.0, 0.611702, 100
ACTIVE_PART_STACK__UNSELECTED_TEXT_SHADOW_COLOR=0.0, 0.0, 0.30851066
INACTIVE_PART_STACK__SELECTED_TEXT_SHADOW_COLOR=0.0, 0.0, 0.40957445
LAYOUT__TAB_HEIGHT=23
MEMENTO__LAST_CHOOSED_PRESET=net.jeeeyul.eclipse.themes.user.preset.ectumo
TEXT_EDITOR__UNDER_LINE_COLOR=13.655173, 0.0, 0.23404253
TEXT_EDITOR__UNDER_LINE_STYLE=0
WINDOW__BACKGROUND_COLOR=0.0, 0.0, 0.404255
WINDOW__MARGINS=6, 6, 6, 6
WINDOW__PERSPECTIVE_SWITCHER_KEY_LINE_COLOR=0.0, 0.042553, 0.553191
WINDOW__PERSPECTIVE_SWITCHER_TEXT_COLOR=24.532019, 0.63829786, 0.021276593
WINDOW__SASH_WIDTH=8
WINDOW__STATUS_BAR_FILL_COLOR=0.0, 0.0, 0.44680852, 0|0.0, 0.04255319, 0.5531915, 100
WINDOW__TOOLBAR_FILL_COLOR=0.0, 0.0, 0.40425533, 0|0.0, 0.0, 0.6666667, 28|0.0, 0.0, 0.79607844, 70|0.0, 0.0, 0.93085104, 100
eclipse.preferences.version=1
